37674494 40353245
23934014 31466698
4601587 31502425
21516173 21848469
21766188 21618287
23934128 1388787
40852607 40448578
23934104 33927241
21639922 27072191
23328464 21532094
21513299 21548607
21518024 21464861
24904867 22552368
14143955 21017342
21845790 23871646
3852056 23182696
25420511 6949375
39993014 23328064
26428187 19743936
111199 23657151
20582362 6402875
23934071 11314765
20944570 21515294
21514930 21605072
23934182 21557136
21516554 21607643
21876335 19986292
6295944 4887641
21510236 19315925
37531610 37534540
12204682 4836099
20557597 23629196
34878881 25186886
21470037 22545009
23526737 23662278
23933029 32524313
39939100 39937970
22563154 21383485
17506241 17506236
23934104 11095315
21600629 21920713
14789912 27183473
8630891 276926
21512660 21548578
13809952 8641478
17717850 14048412
22004943 22004826
20653850 20653303
20008564 20008163
24175880 24276134
25697673 25691317
25641568 31755330
17259261 17259268
38697165 38697173
19299943 5898174
21514726 21497074
23276896 29260945
23934099 32002864
3036920 33875650
20906344 20915007
34969500 34539900
23934179 24589286
23934187 34308608
23934177 19468731
8977391 8977388
40317055 8246373
32205783 2103249
21480704 32632012
21370053 33445105
21515525 24325460
21509159 21515737
23934103 6651709
29584131 11124869
40497363 40493305
23934092 38355476
21514358 21568117
19928631 19928629
21515834 21567839
25573090 33706571
20906804 37724294
9810746 34316114
37260386 37261707
21516347 21495974
21513964 21512212
20960951 20903415
12771995 12772000
22471111 21448056
23401546 23403328
21484981 7848938
39885087 39871538
2610418 24607808
21505071 21509885
22651177 21668099
22905915 33762945
21503692 27704196
21485261 22841813
24517816 24517799
21541445 21555788
22115288 23027735
763912 21526059
21550713 21452672
21513299 22835964
29317085 4560114
21526442 21585256
21543194 21515805
21885234 41035065
21503786 21527989
32195902 13447914
21541656 21515415
21514137 21556733
21513650 21924410
39903463 39906817
39088733 39088728
19890009 22846898
23934064 40495008
21482889 21517648
23934054 23973077
22862395 36244033
21892605 21510412
21542280 21515981
23934120 6210842
23301961 21519502
19894734 8013425
23933988 4816211
16381773 24895127
25693725 25696360
20922967 20923968
26728529 17683520
21510145 21530521
35926723 35926688
23933994 22116124
40316816 32641577
20897938 21527963
21341516 21340657
26349604 3529826
23635329 22126829
39093343 17078763
21501081 31161684
23934137 11576033
19617522 23238754
22588976 7448563
21462584 21514935
21569518 21609501
24506860 8221739
20928992 20904281
21508159 21463302
9800109 9857414
41207700 34076074
23934044 20042999
30755434 20933135
22886988 36080427
23934029 6646451
24826096 21270322
31845265 21515970
23934132 29331740
22258086 21575682
10288044 21527378
33730170 20288883
20326287 38343440
23934201 7791072
21464834 38474235
28202368 7984164
21499541 21518076
21572859 21502753
11046662 11046665
19550352 19550531
22470282 23676069
21483515 24931089
16143657 37047365
23934063 6534861
24242609 24242198
21793353 14304774
16572629 36436633
35386384 4687898
38103989 27165313
23934204 39541580
34955999 34956035
23933996 28908689
25702846 25744302
22222135 23842211
23656743 20901700
18395089 18395088
38888485 28925322
22802971 21514540
4682374 32280076
21515809 39089917
19617254 19615110
21470499 21551839
23677163 36046345
21462019 21612379
7739080 14642000
1877936 1878119
22806796 24675890
21476803 21577203
22031843 21522825
22075976 20725297
5671238 13567267
23798614 21547153
22552223 26990937
23934060 24759221
20906232 6174254
23934184 22688298
27708025 27708269
127180 655555
14625080 32884223
21820469 21492454
20908129 26519022
36219657 36112813
21480272 21587742
23934010 33424357
25726198 25690725
5952361 10623270
23934123 7598654
3304223 3303719
21480589 21623007
34868907 34868884
22755129 21583401
21514993 21518109
23934137 2777789
23319693 12317687
39880644 39887250
6182506 20902615
39320435 39320446
36355403 5045352
21468115 21532275
37877047 22132478
38104934 18101627
21570998 21524852
23934176 21032125
21513299 40731096
23529424 31457234
4261442 26516135
33707255 9096891
24893631 8286719
21569385 39319345
13394406 14054621
21809988 21867434
20920421 608891
22052289 28641485
23948118 23928267
23934054 23949131
17360976 9585704
15096951 16021840
21571678 24499630
23932894 23901211
27705527 27706477
23932899 22468150
12821935 27249045
21482388 21581324
23893572 8854100
15134860 15134833
21514082 21518871
23934044 482995
21826907 23387741
23934137 33558807
23934011 28463327
40083391 27719298
21514979 21555332
21515867 21516506
10458923 4978763
23913504 37477522
8522989 23642223
21513812 21524494
22155017 21465523
21544383 21505283
19945370 20228251
15485028 15485033
21546802 38158039
21572258 21573833
39173879 29744741
36330732 36330726
5546127 9818011
10588589 10588583
21549797 21502482
21515809 21548414
21801106 21521099
21468987 23761594
8381869 29067043
23250590 21533990
23932894 22511323
22553500 17860096
23006715 23003407
20038479 17570185
23659150 24440442
23665502 23663884
24034134 24031847
21507574 21457285
21517561 23937047
37676908 39828334
28570264 684596
36270932 21515713
23934900 5639289
40127113 22197758
23934025 6353939
32750132 20147222
22156821 41352134
7441440 2166073
21624928 40639755
41183022 27120852
23934175 3655505
23934052 24775459
21663400 21550761
22269581 30699690
9268446 9268444
22521262 22772054
23932071 29298745
21503615 21557069
21641973 21641318
24331603 24325240
32796585 39330987
21509378 21515099
21532194 26385247
36394493 20913448
21511659 21480532
23468210 23471072
36216601 12217443
23934170 23966502
21597627 21447166
21908903 21908894
19251079 19251133
23932065 23679929
24892492 36518858
39087775 23143164
32621112 22460998
39669423 39669422
21573307 27707878
3044618 3044613
23934183 17769836
21563111 21510153
28464239 25024280
21513055 21480111
21464238 21591484
23934118 18796003
41546715 1485690
20540990 40996853
23934069 34809329
23135154 21509242
23934109 23829874
21501325 38898054
22127361 21511832
27704626 27708344
33805544 34472285
24904228 9590769
23934059 35206477
21619566 21480332
27706561 21561255
21462653 21504312
21582706 21521070
21489893 21526330
25836551 11343378
19802989 11080069
21480068 21560536
34330939 13944727
23356526 21475139
17910830 17910606
40220231 31472653
21522159 21503892
15082187 15082227
23934132 1744498
23934067 20896057
30235937 24883631
34827187 21544995
5777205 6051363
23676364 25375740
23469035 19464227
17564047 27781010
23934113 5531170
35262296 14671894
21573329 21506997
21455186 21516503
18387425 39207644
15547533 15547544
27707361 18131019
23135740 21554854
14896815 14896817
21508755 21519234
23932067 28778701
15341910 13258887
21600631 21515213
21568621 21482948
23659776 23695525
9547308 9547309
20380958 23646510
22548961 36353228
23934171 19861575
27703323 23073006
24034898 13792125
12669241 18875426
21540332 21509671
23659861 20361599
24910816 24905669
21504499 21522663
23586800 23586845
29643526 20897635
4154738 4154737
24894834 6679879
21513803 21548802
21152826 24891828
23934156 35235370
39779794 34722535
25286927 1459645
21779479 18111116
21494247 21526042
22552234 17892151
23934115 16394362
39960420 23507381
23934158 32023363
22035358 23671429
22552935 3877356
22552449 32674613
23663712 23652923
21573810 40475250
21506460 21508859
14200826 14200827
14809057 35880505
23660330 25441342
21512362 21551200
21517927 21511197
14711961 31562786
21518192 21492517
21475259 21535421
23934181 21840413
8470327 20924866
19942076 21617576
23934115 9539438
22987063 22986313
23008144 23012371
21622066 21527116
38351940 24568995
21562037 21483605
21602979 21469492
21513121 21523277
24894393 39864685
39319580 39319783
36181789 21524948
38958288 2160729
23027660 10150626
23934179 23893170
20362455 20361802
23934074 23904718
21561450 27706859
23934107 35151577
28654910 37089799
21788687 21608052
28861892 28861941
4850442 27510749
21513846 21458991
22938715 37666223
7375910 7375806
39308893 39314952
21464444 21515995
24330872 24331055
21594224 21473941
21515744 21571796
21509148 21513447
19623027 21497279
21482831 21484180
23934149 3096711
25013170 21537403
23934116 4090390
4327353 970937
21477195 21577048
6047524 16087408
21448067 21818952
23934139 29047272
21731076 21731080
22456572 22377817
22469322 38520466
35982238 23934127
36180945 21561418
23934074 15453451
41122746 900559
23933995 14843513
24625906 21988334
10364804 39905662
23934048 25273867
21871310 21871329
23660334 10798977
22664975 23732799
21469554 23964427
30376494 23934033
40359752 21612445
17339145 41459789
39314296 39316435
21488623 12822837
21517398 21525459
20641519 21557559
40229777 6227596
20908259 26563721
24274241 24274163
12685273 14586536
22893394 34247585
40839910 12954178
19313674 12540979
24551048 25166775
23908045 27557788
34332683 34331619
22457145 22456835
21507391 21531356
32963745 32963748
10063772 12551434
21507858 21513871
22552228 41267706
21515013 21573652
23934069 24001940
24043236 21514901
36200616 21553273
38142231 16441479
5676427 21515802
40363589 40363588
21519964 21522228
22651495 21909985
21453915 21515689
23934148 23910287
23662666 23629921
21513855 21514795
27705294 27706372
36376752 39697315
21522942 27705814
40706246 40705445
40135549 40137071
722135 21527898
21515084 41353521
11586735 5241687
23932067 12036200
21638759 21460847
41469064 40314356
21527918 21501228
21967030 21513044
23932897 27086090
21514143 21530817
23860221 22126905
21613192 41210279
23934183 26532604
23934048 39774840
23657095 6936142
38298801 21842887
2786705 2256749
23934132 9405545
23934025 33604413
20904858 20904834
37574281 39331346
20904434 32448172
21484980 22859914
23934081 35840953
21856877 21606322
21459490 21453893
21549461 21607374
36411900 36411879
23934142 23909938
21509164 21499825
21515205 21493570
21514121 21536397
23094550 34415353
4287100 21450862
23934071 31535618
14083531 34976310
21153170 22891512
22218840 36110603
23780527 9263307
21503505 12154782
24895261 20921202
27704184 35243001
21520611 21517553
33041285 35386496
23934092 35120998
21024503 20926572
21562821 37925526
23934146 26619766
36792241 36792199
27706715 21621644
22613288 9010629
21466835 21467176
21563559 21531883
21465683 21515399
23650674 19576349
21514668 21748732
21505500 21514514
27703261 23660129
20350086 4353334
21531121 21513199
7259365 40887312
11391471 21617463
20579093 23584824
23934006 13320494
19890153 30873838
6749537 21660682
21553207 22793021
22457357 22461884
23934003 12666981
21452860 21516328
19539571 19539974
21492262 33805998
21561558 27707130
23934050 9848416
21565043 21513264
41455438 1950526
27705302 27708200
12460802 8201
31187295 26675359
23658489 23647169
21537746 28119195
21512416 21466210
21515248 21555033
6212792 1133740
21569711 40137150
17229425 2467570
24891381 41072611
21515847 21567698
21514875 21469301
39912060 39911875
21492545 20928724
38793999 21500090
38235537 38235552
24147860 21628511
19892133 19895356
38102108 25642238
24891383 9331940
23934177 10640552
23031838 23031004
21393464 21493036
21471922 21514342
28496158 18152187
22687729 25245473
21494048 23678065
40581352 29985799
22892943 15549202
21618151 21619455
41517561 41517523
28433056 28433086
16535573 21516714
21525190 21529432
21618016 18391557
23934045 23946423
31028686 40277418
23269453 21451848
13992477 40245093
14577349 14577472
40273629 22307227
23665582 23670564
13389088 23327190
32742416 32742419
23934063 13902129
23083904 23083823
23934152 7404019
11297760 8236979
21536310 21505296
22461567 23658401
20398196 20398323
19284288 19284284
23868248 19860110
21900711 21498256
21549464 21536554
21521428 21523504
21593211 21578098
21746258 21565253
21376087 15960203
21547906 21512554
4142775 4142774
21037572 21037523
25168628 30542349
23645233 25151115
41372534 41372136
23934135 39412262
21457396 21515734
24815870 23664902
21496248 21515210
24268339 25167073
21561948 21511325
39925800 21538747
33731863 24012627
13832329 25468315
23229311 15580688
40486088 40485262
25694126 25691169
21519933 21512838
21225840 21464581
21521979 21514091
20587320 23327958
10936302 34442336
25338664 25339259
21137384 20927184
23934180 24797615
39313508 39326784
23309797 21578127
24341936 21523572
21595140 21513474
23190923 21469708
21520030 23630073
21599439 18817651
24894437 24953901
23934101 21748657
22911470 36217672
23585356 23534937
23934102 22995042
21626098 23775515
21512701 21513669
22464621 8763393
23932900 24897785
21262841 21556818
33681944 33681983
21513880 21498711
18104892 15972628
21502388 21551561
21487355 21514983
21522276 21513656
21531578 21515164
21751580 40755592
23934169 20092952
21515755 21516716
23934012 15034883
23934032 1288912
21518968 21588577
23934010 7136497
21470212 21515057
23659276 29429340
21573049 38702902
10511371 6990595
24034025 24033995
20203020 22352134
23934193 25152829
23934051 16111041
21505254 21515595
23933955 21621810
21591104 21473390
20933882 20371809
17983916 17982433
21511388 21521241
21515976 21753235
23934002 34868957
2170455 4083068
24894480 10750946
12193191 36822761
40344582 40344646
38621883 19723735
21586156 28567912
23939468 21501503
38752390 21482737
21463165 11898439
34877851 21524313
24056296 23146070
20400836 14817029
20038163 20037889
21218670 24550534
3486849 14635879
28736978 7770243
21978115 21978429
21432671 22456352
21669683 30315445
21514493 21525970
21507517 21487547
23934171 32852876
20904158 20910221
37710022 22715261
26502003 26449808
21532068 21512700
22888508 22860622
19765698 12300166
5498623 23513697
27085368 24871414
21580542 21559437
21554704 21508949
35788836 9576635
23934117 11996876
23934099 25600875
5705150 24009579
23662314 27707605
27706646 27707601
1053669 427922
21506501 21610345
24545887 21522168
36092970 21625712
15110117 38881050
23934131 39018652
21520947 21510405
21892616 21894108
20394691 26010671
1714723 1714736
25506400 40924925
11938572 11938570
9894291 34394659
23934177 15099893
22668484 5682720
23934100 19892975
24894470 3896116
4673221 7617236
24871643 17114735
20910071 20902543
20068618 20068660
4036910 4036583
11176369 6239844
9441106 7096034
11154051 21913826
23870781 21566962
21629458 24541921
23934159 32840513
16004799 17844810
23629253 21147998
23932065 13971479
21467892 21628159
21481217 16249585
32376056 31937225
14714616 14714618
21512947 21510417
18548607 28542142
20902749 21511300
21493989 21515558
23251870 21469283
23933991 5633801
22809322 22045186
23934078 3518817
23934156 10008890
21500151 21554577
21612379 21423140
21469556 22615516
21516113 21504368
23934060 24006286
22656641 22656643
23934000 18349674
36664346 7718178
23659927 23636209
21534323 23660836
26252445 26252446
23934201 23667040
21455223 13218871
24801718 22860794
20489616 22322983
21527573 21573434
21624411 23466397
23934039 33382798
21516499 21608657
31257898 31257917
21521056 21515501
21462024 41270937
26478670 26459303
11315884 22129162
21525255 21618439
36942075 34445233
23932900 11973967
40485264 40485277
21511723 21558441
38039262 33795880
22552235 23271100
23957136 21451862
21765352 21600843
21461968 32223720
23658543 7177716
21493405 21556646
25606051 25606046
23932066 6387941
23357940 21517747
23658543 32456708
19482554 35459286
39696920 39696936
21513898 37781312
21313869 19313206
21465641 30170241
25119823 24483713
21515587 21561408
23934077 16893073
22464624 22462731
21516780 21468970
22552832 40028007
22805437 21480295
19540228 19464120
22885745 22902905
39319906 5833859
23934110 8747165
21466947 21515787
23934104 9691860
15269890 24899193
20357535 20712744
17581107 5211636
19477879 17532075
23659593 1729236
21425855 31738509
32989911 32989912
27550637 23631052
10081170 10081141
27852197 31978600
23934086 16170838
21740256 21548807
38077316 19486690
36403644 38851096
23552256 24626543
6736297 37601701
38035275 33929197
22551958 22544067
6790227 6790231
21506460 21500518
21515842 21514245
24895159 30744306
29349089 29349090
25949679 8142685
22552936 2568102
23934110 23921708
32688305 21550167
21332920 21475384
25854825 11429189
10296757 10296708
14136684 5792804
36081364 21624347
21325538 16503912
21484979 7438035
21522523 21554138
23934128 14751608
29112963 21291865
21582584 21574391
24284399 40391725
24053498 9875692
37265263 19441996
19889552 21639615
11410444 4463111
21515180 21510698
22090305 21661058
21516812 23136227
22552933 36732870
21574113 21509495
21264340 10223755
21510651 21628441
38470140 38467551
23934096 12362305
39837767 39834470
23894242 5440705
24893632 9699799
32125503 29738225
24893630 35976112
2471389 37147153
22461533 15976428
21454385 21513592
25714497 33779269
17324074 23553849
24891383 34929944
27667889 16751977
19322993 22000171
41649062 23663787
21509801 21513065
20906322 18264028
38171800 8914188
1714738 21559499
21571564 21515160
4670569 39314901
39311030 39328339
22808851 17973587
21468173 25612434
20994749 20900623
21563587 21519703
41332410 21643301
23638338 23664064
28935474 24888197
21473409 21627072
21492262 8448072
21513135 21608494
24380258 32914565
23934105 5308854
28771376 28771379
22545830 23715762
21570208 21515369
23001883 23008417
30248176 18051682
40205752 21550996
7643893 10326610
12206250 8830622
31478680 458989
23934186 6844595
22552223 41293809
40510961 22688381
22548759 21510574
34881433 21461415
21513899 24662165
21591498 21513154
22805761 22805497
21504469 21523589
34143765 26234220
29437944 8256821
23934073 15229858
21468476 21979337
41531995 24607806
9306581 36573711
36429737 36432440
10122993 21622313
24637058 21507687
13228291 5525398
1715629 9222283
23651484 21578452
25149995 24510671
23658812 27745508
21575041 21491325
22961018 22152949
704955 704855
21557766 21518334
10832293 10832272
27974047 2630350
21593931 21626416
23934135 9184664
21622083 21513374
27708204 21505283
21569544 23083240
23093999 33848659
38359121 21518176
